1000
490 144 827 1 4 12
490 652 144 2 3 0
490 55 652 1980 7 1
652 104 144 6 11 1
144 571 827 11 13 0
854 137 652 8 6 7
652 137 104 5 9 3
55 854 652 14 5 2
854 32 137 15 18 5
137 571 104 10 11 6
251 571 137 16 9 19
104 571 144 9 4 3
827 371 490 13 24 0
571 371 827 17 12 4
55 151 854 95 15 7
854 151 32 14 22 8
251 879 571 25 17 10
571 879 371 16 21 13
544 137 32 19 8 31
544 251 137 43 10 18
844 621 879 41 21 37
879 621 371 20 23 17
151 614 32 30 31 15
621 221 371 26 36 21
371 880 490 36 195 12
251 811 879 28 37 16
621 830 221 34 35 23
759 830 996 35 34 46
251 536 811 29 39 25
796 536 251 55 28 40
151 80 614 56 33 22
614 544 32 32 18 22
334 544 614 45 31 33
80 334 614 57 32 30
996 830 621 27 26 41
830 759 221 27 47 26
221 880 371 47 24 23
844 879 811 20 25 39
837 844 536 51 39 54
536 844 811 38 37 28
416 796 251 50 29 43
844 996 621 52 34 20
681 416 544 53 43 49
544 416 251 42 40 19
57 394 334 67 45 57
334 394 544 44 49 32
996 880 759 48 47 27
759 880 221 46 36 35
48 880 996 83 46 52
394 681 544 58 42 45
416 793 796 53 63 40
837 48 844 78 52 38
844 48 996 51 48 41
681 793 416 59 50 42
585 837 536 82 38 55
585 536 796 54 29 77
151 57 80 60 57 30
80 57 334 56 44 33
394 664 681 72 75 49
681 773 793 61 64 53
429 57 151 96 56 95
684 773 681 80 59 75
166 945 796 74 66 63
166 796 793 62 50 64
773 166 793 69 63 59
989 497 945 85 71 74
945 741 796 71 77 62
57 744 394 96 68 44
744 512 394 97 72 67
773 615 166 80 73 64
190 741 497 92 71 85
497 741 945 70 66 65
512 664 394 98 58 68
615 989 166 84 74 69
166 989 945 73 65 62
664 684 681 99 61 58
829 585 741 105 77 92
741 585 796 76 55 66
837 679 48 86 88 51
485 615 684 115 80 99
684 615 773 79 69 61
176 107 585 90 82 89
585 107 837 81 86 54
48 296 880 94 110 48
615 190 989 103 85 73
989 190 497 84 70 65
107 679 837 90 78 82
64 84 679 118 88 101
679 84 48 87 94 78
659 176 585 124 81 105
107 176 679 81 101 86
591 829 190 108 92 103
190 829 741 91 76 70
241 296 84 130 94 118
84 296 48 93 83 88
55 429 151 1981 60 14
57 429 744 60 97 67
744 429 512 96 106 68
512 818 664 106 111 72
664 485 684 102 79 75
241 64 815 118 123 129
176 64 679 117 87 90
153 485 664 145 99 111
615 591 190 104 91 84
528 591 615 107 103 112
829 659 585 119 89 76
429 818 512 113 98 97
528 325 591 134 108 104
591 325 829 107 119 91
922 402 296 131 110 130
296 402 880 109 139 83
818 153 664 114 102 98
982 528 615 150 104 115
429 690 818 1982 116 106
818 845 153 116 147 111
982 615 485 112 79 133
690 845 818 141 114 113
693 64 176 123 101 121
64 241 84 100 93 87
659 829 325 105 108 120
620 659 325 157 119 134
458 693 176 126 117 124
819 815 693 146 123 144
693 815 64 122 100 117
659 458 176 125 121 89
659 129 458 128 126 124
458 129 693 125 144 121
727 922 241 158 130 129
125 129 659 136 125 153
727 241 815 127 100 146
241 922 296 127 109 93
922 985 402 140 138 109
598 485 377 133 135 152
598 982 485 155 115 132
528 620 325 143 120 107
377 485 475 132 145 166
125 819 129 160 144 128
673 647 985 181 138 140
985 647 402 137 190 131
402 779 880 190 225 110
673 985 922 137 131 148
690 393 845 184 168 116
428 475 153 172 145 147
620 528 310 134 150 186
129 819 693 136 122 126
475 485 153 135 102 142
819 727 815 175 129 122
428 153 845 142 114 168
584 673 922 180 140 158
310 982 316 150 164 178
310 528 982 143 112 149
246 68 377 163 152 165
377 68 598 151 162 132
167 125 659 174 128 157
972 584 727 183 158 159
524 982 598 164 133 162
409 167 620 202 157 177
620 167 659 156 153 120
727 584 922 154 148 127
972 727 769 154 175 196
963 819 125 179 136 167
316 524 246 164 163 182
68 524 598 163 155 152
246 524 68 161 162 151
524 316 982 161 149 155
716 246 377 188 151 166
716 377 475 165 135 170
736 963 125 192 160 174
393 428 845 169 147 141
393 592 428 171 208 168
670 716 475 200 166 172
203 592 393 219 169 184
670 475 428 170 142 185
865 697 316 227 178 182
167 736 125 176 167 153
769 727 819 159 146 179
979 736 167 211 174 202
409 620 361 156 186 207
697 310 316 206 149 173
769 819 963 175 160 192
584 399 673 183 189 148
673 962 647 189 194 137
865 316 246 173 161 209
972 399 584 193 180 154
690 203 393 377 171 141
557 670 428 246 172 208
361 620 310 177 143 201
260 178 422 257 267 226
716 831 246 200 209 165
399 962 673 222 181 180
647 779 402 194 139 138
675 769 736 233 192 229
736 769 963 191 179 167
972 649 399 198 214 183
962 779 647 215 190 181
880 2 490 225 1994 24
769 878 972 205 198 159
726 636 962 235 215 222
878 649 972 212 193 196
260 831 670 218 200 242
670 831 716 199 188 170
8 361 310 217 186 203
409 979 167 204 176 156
8 310 976 201 206 238
935 979 409 264 202 239
769 711 878 213 221 196
976 310 697 203 178 216
361 967 409 217 239 177
557 428 592 185 169 219
831 865 246 218 182 188
134 531 979 255 211 261
979 531 736 210 229 176
878 535 649 221 214 198
589 711 769 230 205 233
649 535 399 212 237 193
962 636 779 197 224 194
814 976 697 241 206 227
8 967 361 231 207 201
260 865 831 220 209 199
203 557 592 293 208 171
260 643 865 226 243 218
711 535 878 230 212 205
726 962 399 197 189 223
682 726 399 254 222 237
636 502 779 236 1993 215
779 2 880 1993 195 139
422 643 260 258 220 187
865 814 697 240 216 173
564 675 531 297 229 255
531 675 736 228 191 211
711 589 535 213 290 221
967 8 723 217 238 232
694 967 723 252 231 263
675 589 769 253 213 191
49 412 726 292 235 254
726 412 636 234 236 197
636 412 502 235 245 224
682 399 535 223 214 250
723 8 976 231 203 248
967 935 409 252 204 207
804 814 865 306 227 243
814 86 976 259 248 216
864 260 670 257 199 256
643 804 865 262 240 220
600 915 412 311 245 292
412 915 502 244 413 236
557 696 670 270 256 185
920 723 56 277 279 330
86 723 976 279 238 241
714 682 263 291 309 328
852 682 535 309 237 290
152 935 694 265 252 263
694 935 967 251 239 232
675 546 589 297 336 233
682 49 726 291 234 223
134 564 531 274 228 210
696 864 670 271 242 246
864 178 260 286 187 242
422 602 643 260 262 226
814 56 86 299 279 241
605 602 422 280 258 267
551 134 979 283 210 264
602 804 643 266 243 258
723 152 694 277 251 232
935 551 979 273 261 204
935 152 171 251 275 276
602 548 804 278 313 262
178 605 422 268 260 187
594 605 178 280 267 272
493 424 557 287 270 281
557 424 696 269 282 246
696 100 864 339 351 256
363 594 178 316 268 286
554 551 935 289 264 276
134 46 564 284 304 255
171 152 465 265 307 321
171 554 935 300 273 265
920 152 723 307 263 247
594 548 602 322 266 280
56 723 86 247 248 259
594 602 605 278 260 268
559 493 557 323 269 293
424 440 696 287 317 270
444 134 551 303 261 305
161 46 134 304 274 303
657 852 589 331 290 327
363 178 864 272 257 295
493 440 424 294 282 269
37 228 554 319 289 300
554 228 551 288 305 273
852 535 589 250 230 285
682 714 49 249 301 254
49 600 412 301 244 234
203 559 557 378 281 219
493 958 440 323 317 287
277 363 864 316 286 315
36 156 548 366 313 322
546 675 564 253 228 326
465 920 305 307 330 321
56 814 156 259 306 357
171 37 554 312 288 276
714 600 49 302 292 291
168 600 714 310 301 328
444 161 134 345 284 283
46 161 564 284 320 274
444 551 228 283 289 319
814 804 156 240 313 299
920 465 152 298 275 277
627 263 852 335 309 331
852 263 682 308 249 250
168 294 600 349 311 302
600 294 915 310 412 244
803 37 171 385 300 361
156 804 548 306 266 296
573 195 619 347 352 418
248 277 864 358 295 351
363 277 594 295 340 272
958 696 440 339 282 294
195 444 37 347 319 352
37 444 228 318 305 288
161 327 564 325 326 304
305 171 465 361 275 298
36 548 594 296 278 332
559 958 493 379 294 281
939 161 573 325 345 407
939 327 161 375 320 324
327 546 564 353 297 320
455 657 589 344 285 336
263 168 714 335 302 249
336 305 56 367 330 333
56 305 920 329 298 247
657 627 852 337 308 285
69 36 594 372 322 340
254 336 56 406 329 357
988 168 627 414 335 348
627 168 263 334 328 308
546 455 589 338 327 253
657 108 627 344 348 331
662 455 546 343 336 346
958 100 696 342 271 317
277 69 594 360 332 316
903 653 958 370 342 379
958 653 100 341 368 339
662 108 455 365 344 338
455 108 657 343 337 327
573 161 444 324 303 347
420 662 546 386 338 353
573 444 195 345 318 314
108 988 627 354 334 337
168 4 294 411 412 310
243 248 100 399 351 381
100 248 864 350 315 271
619 195 37 314 318 385
420 546 327 346 326 355
108 728 988 415 439 348
420 327 847 353 364 398
733 676 277 371 360 358
254 56 156 333 299 359
248 733 277 373 356 315
254 156 265 357 366 410
69 277 676 340 356 363
305 803 171 362 312 321
904 803 305 405 361 392
918 69 676 409 360 388
847 327 142 355 375 376
662 332 108 386 436 343
265 156 36 359 296 372
336 410 305 374 392 329
653 820 100 370 381 342
644 232 733 400 371 373
903 820 653 394 368 341
733 232 676 369 388 356
69 265 36 382 366 332
644 733 248 369 358 390
70 410 336 475 367 451
327 939 142 325 397 364
262 847 142 398 364 477
690 724 203 946 378 184
203 724 559 377 384 293
559 903 958 384 341 323
378 243 820 420 381 433
820 243 100 380 350 368
964 265 69 395 372 409
345 908 998 423 504 467
724 903 559 393 379 378
619 37 803 352 312 402
420 332 662 401 365 346
689 918 232 458 388 396
232 918 676 387 363 371
800 644 984 400 424 425
968 644 248 424 373 399
634 904 579 405 404 421
410 904 305 404 362 367
724 921 903 453 417 384
903 231 820 417 433 370
964 768 265 473 410 382
800 689 232 425 387 400
142 939 122 375 407 455
847 262 420 376 403 355
968 248 243 390 350 427
644 800 232 389 396 369
360 332 420 408 386 403
634 619 803 445 385 405
262 360 420 447 401 398
579 904 410 391 392 468
904 634 803 391 402 362
511 336 254 451 333 429
122 939 573 397 324 431
942 332 360 435 401 438
964 69 918 382 363 450
265 768 254 395 429 359
894 4 168 501 349 442
294 4 915 349 413 311
915 4 502 412 584 245
788 168 988 442 334 440
728 108 717 354 436 456
938 231 921 432 417 470
921 231 903 416 394 393
599 573 619 419 314 443
599 801 573 444 431 418
378 842 243 459 427 380
579 345 634 423 467 391
469 457 619 513 443 488
345 579 908 421 468 383
968 984 644 457 389 390
800 984 689 389 472 396
901 177 768 465 428 473
842 968 243 434 399 420
177 511 768 466 429 426
768 511 254 428 406 410
875 599 457 444 443 489
801 122 573 437 407 419
938 378 231 481 433 416
231 378 820 432 380 394
842 85 968 454 464 427
717 332 942 436 408 478
717 108 332 415 365 435
875 122 801 462 431 444
942 360 650 408 447 446
728 307 988 448 440 354
307 788 988 449 414 439
570 894 788 537 442 449
788 894 168 441 411 414
457 599 619 430 418 422
599 875 801 430 437 419
619 634 823 402 494 488
942 650 7 438 544 478
360 262 650 403 477 438
728 404 307 452 500 439
307 570 788 500 441 440
964 918 959 409 485 492
511 70 336 466 374 406
914 404 728 517 448 499
724 25 921 469 470 393
503 85 842 496 434 459
50 142 122 490 397 462
717 7 728 478 499 415
968 99 984 464 474 424
799 918 689 485 387 460
503 842 378 454 420 481
799 689 200 458 472 498
671 50 875 512 462 489
875 50 122 461 455 437
98 99 63 474 479 508
85 99 968 479 457 434
901 70 177 540 466 426
177 70 511 465 451 428
998 634 345 494 421 383
908 579 410 423 404 475
724 311 25 945 482 453
25 938 921 480 416 453
13 938 226 483 480 520
200 689 984 460 425 484
964 901 768 503 426 395
98 984 99 484 457 463
70 908 410 506 468 374
863 671 457 539 489 513
650 262 142 447 376 511
942 7 717 446 456 435
63 99 85 463 464 497
226 938 25 471 470 482
938 503 378 483 459 432
311 226 25 534 480 469
13 503 938 514 481 471
98 200 984 486 472 474
799 959 918 487 450 458
289 200 98 529 484 508
27 959 799 491 485 498
469 619 823 422 445 523
457 671 875 476 461 430
50 701 142 495 511 455
27 871 959 549 492 487
959 871 964 491 505 450
855 126 908 548 504 506
823 634 998 445 467 518
561 701 50 526 490 510
722 85 503 497 454 509
722 63 85 515 479 496
200 27 799 529 487 460
7 914 728 580 452 456
404 570 307 517 449 448
894 928 4 583 642 411
320 914 331 516 561 558
545 901 964 569 473 505
908 126 998 493 521 383
545 964 871 503 492 553
855 908 70 493 475 530
953 722 118 515 509 563
63 289 98 528 486 463
722 503 118 496 535 507
466 561 50 546 495 512
701 650 142 526 477 490
466 50 671 510 461 538
863 457 469 476 422 524
892 503 13 566 483 520
722 953 63 507 528 497
320 570 914 559 517 502
914 570 404 516 500 452
22 823 998 532 494 521
102 892 226 594 520 578
226 892 13 519 514 471
126 22 998 522 518 504
198 22 126 545 521 531
66 469 823 524 488 601
66 863 469 604 513 523
709 650 595 543 597 557
561 650 701 574 511 495
547 289 953 615 528 563
953 289 63 527 508 515
289 27 200 555 498 486
855 70 322 506 547 570
31 198 126 565 522 548
22 498 823 545 601 518
977 118 372 572 573 587
311 261 226 944 578 482
663 118 503 573 509 566
78 914 661 561 580 617
570 669 894 560 583 441
303 466 671 576 512 539
303 671 863 538 476 577
35 70 901 547 465 542
77 303 613 576 644 683
364 35 901 609 540 606
709 750 650 575 544 525
650 750 7 543 582 446
498 22 198 532 522 565
466 77 561 576 590 510
35 322 70 551 530 540
855 31 126 554 531 493
417 871 27 550 491 552
417 187 871 598 553 549
35 867 322 609 570 547
417 27 474 549 555 603
187 545 871 589 505 550
885 31 855 659 548 654
474 27 289 552 529 562
421 873 545 568 569 567
890 709 595 575 525 610
331 575 320 592 559 502
575 570 320 560 516 558
575 669 570 581 537 559
331 914 78 502 536 596
255 474 289 627 555 615
547 953 118 527 507 572
66 141 916 652 708 643
31 498 198 600 545 531
663 503 892 535 514 571
545 234 421 589 711 556
629 873 421 599 556 605
545 873 901 556 599 503
322 867 855 551 654 530
95 663 892 637 566 594
977 547 118 588 563 533
663 372 118 579 533 535
975 650 561 597 526 593
709 890 750 557 595 543
77 466 303 546 538 541
625 303 863 619 539 604
261 102 226 698 519 534
663 785 372 621 587 573
914 7 661 499 582 536
575 489 669 586 585 560
661 7 750 580 544 591
669 928 894 585 501 537
4 2 502 642 1993 413
489 928 669 635 583 581
489 575 196 581 676 675
785 977 372 588 533 579
785 547 977 628 572 587
545 187 234 553 598 567
77 302 561 658 593 546
861 661 750 623 582 616
298 575 331 676 558 596
302 975 561 648 574 590
102 95 892 636 571 519
766 750 890 622 575 646
78 298 331 617 592 561
975 595 650 645 525 574
187 417 234 550 603 589
873 629 901 568 606 569
141 498 31 652 565 659
498 66 823 652 523 532
638 961 302 679 648 658
234 417 474 598 552 631
66 625 863 643 577 524
421 283 629 678 608 568
629 364 901 608 542 599
216 283 447 671 678 705
283 364 629 671 606 605
364 867 35 632 551 542
595 460 890 611 646 557
835 460 595 651 610 612
835 595 51 611 613 656
595 445 51 645 655 612
974 255 28 627 626 670
547 255 289 626 562 527
358 861 750 625 591 622
661 298 78 623 596 536
824 526 625 662 619 620
625 526 303 618 644 577
824 625 916 618 643 682
782 785 663 707 579 637
766 358 750 624 616 595
861 298 661 634 617 591
766 695 358 686 625 622
358 695 861 624 634 616
28 255 547 614 615 629
255 974 474 614 631 562
785 390 547 669 629 588
390 28 547 665 626 628
87 234 974 713 631 706
974 234 474 630 603 627
966 867 364 633 609 653
966 885 867 692 654 632
695 298 861 694 623 625
489 582 928 641 756 585
102 668 95 640 667 594
95 782 663 666 621 571
193 270 390 720 665 669
473 250 102 744 640 698
250 668 102 699 636 639
438 582 489 736 635 675
928 2 4 756 584 501
916 625 66 620 604 564
526 613 303 674 541 619
595 975 445 597 680 613
460 766 890 649 595 610
115 196 298 726 676 694
961 975 302 664 593 602
637 766 460 657 646 650
637 460 641 649 651 681
641 460 835 650 611 656
141 66 498 564 601 600
966 364 216 632 671 728
867 885 855 633 554 570
445 641 51 689 656 613
51 641 835 655 651 612
637 88 766 681 725 649
638 302 77 602 590 718
885 141 31 672 600 554
817 414 746 673 750 693
274 414 824 750 662 682
824 414 526 661 673 618
525 62 961 685 664 679
961 62 975 663 680 648
390 270 28 638 670 629
366 782 95 710 637 667
366 95 668 666 636 739
71 366 138 710 739 802
193 390 785 638 628 677
28 270 974 665 700 614
216 364 283 653 608 607
885 183 141 697 732 659
817 526 414 674 662 660
817 613 526 701 644 673
196 438 489 727 641 586
196 575 298 586 592 647
193 785 71 669 707 748
447 283 421 607 605 687
638 525 961 742 663 602
62 445 975 685 645 664
641 88 637 689 657 650
274 824 916 661 620 734
613 120 77 701 709 541
596 445 525 783 685 742
525 445 62 684 680 663
766 656 695 725 695 624
447 421 184 678 690 730
385 381 885 715 697 692
445 88 641 763 681 655
184 421 542 687 704 761
385 965 172 696 796 715
385 885 966 688 633 696
746 120 817 703 701 660
115 298 695 647 634 695
656 115 695 764 694 686
385 966 965 692 721 691
381 183 885 716 672 688
261 473 102 811 639 578
250 622 668 744 753 640
628 974 270 706 670 733
817 120 613 693 683 674
541 656 88 724 725 806
930 120 746 709 693 789
542 421 20 690 711 722
447 883 216 730 780 607
628 87 974 746 630 700
785 782 71 621 710 677
578 916 141 752 564 732
120 930 77 703 718 683
71 782 366 707 666 668
20 421 234 704 567 714
236 148 216 821 728 780
791 234 87 714 630 723
791 20 234 738 711 713
172 381 385 716 688 691
172 183 381 794 697 715
874 638 930 782 718 741
930 638 77 717 658 709
566 927 193 792 720 760
193 927 270 719 733 638
965 966 148 696 728 818
20 833 542 738 772 704
472 791 87 747 713 737
15 656 541 764 702 868
88 656 766 702 686 657
115 488 196 735 727 647
196 488 438 726 765 675
148 966 216 721 653 712
780 41 183 849 762 781
447 184 883 687 761 705
437 578 41 752 762 820
183 578 141 762 708 672
927 628 270 740 700 720
437 274 916 778 682 752
527 488 115 824 726 798
438 549 582 755 1992 641
213 472 87 747 723 746
791 833 20 758 722 714
138 366 668 668 667 753
927 38 628 787 793 733
382 874 930 801 717 777
638 596 525 769 684 679
897 606 473 812 766 811
473 622 250 766 699 639
5 213 628 775 746 771
628 213 87 745 737 706
472 213 791 737 757 723
71 521 193 754 760 677
494 746 274 799 750 776
274 746 414 749 660 661
188 437 745 778 820 871
578 437 916 731 734 708
622 138 668 786 739 699
71 839 521 802 759 748
499 549 438 825 736 765
582 2 928 1992 642 635
601 791 213 758 747 775
601 833 791 854 738 757
839 566 521 844 760 754
521 566 193 759 719 748
883 184 542 730 690 772
41 578 183 731 732 729
971 88 445 806 689 773
656 15 115 724 784 695
488 499 438 770 755 727
606 622 473 809 744 743
795 375 566 807 792 829
807 596 300 783 828 869
186 596 638 828 742 782
76 499 488 858 765 824
866 5 628 803 745 793
833 883 542 791 761 722
807 971 445 816 763 783
3 601 5 830 775 803
5 601 213 774 757 745
188 494 274 805 749 778
477 382 930 813 741 788
188 274 437 776 734 751
349 883 346 834 791 929
883 236 216 834 712 705
183 764 780 794 835 729
186 638 874 769 717 801
596 807 445 768 773 684
285 115 15 798 764 832
590 810 622 846 786 809
622 810 138 785 845 753
375 38 927 790 740 792
477 930 978 777 789 837
978 930 746 788 703 795
866 38 375 793 787 808
346 883 833 779 772 843
375 927 566 787 719 767
38 866 628 790 771 740
172 764 183 827 781 716
131 978 746 839 789 799
172 965 94 691 819 827
285 655 174 832 926 822
285 527 115 822 735 784
131 746 494 795 749 805
836 186 382 863 801 840
382 186 874 800 782 741
839 71 138 754 668 817
866 3 5 808 774 771
383 131 188 910 805 902
188 131 494 804 799 776
541 88 971 702 763 814
795 3 375 893 808 767
375 3 866 807 803 790
606 590 622 812 785 766
683 839 341 853 817 889
261 897 473 940 743 698
606 897 590 743 941 809
943 382 477 840 777 815
400 541 971 890 806 816
943 477 275 813 837 862
400 971 807 814 773 831
839 138 341 802 845 810
965 148 427 721 821 819
94 965 427 796 818 874
41 745 437 850 751 731
148 236 427 712 826 818
174 527 285 881 798 797
145 76 527 861 824 857
527 76 488 823 770 735
499 990 549 858 956 755
427 236 349 821 834 921
94 764 172 872 794 796
186 300 596 836 768 769
496 795 566 888 767 844
3 774 601 893 854 774
329 400 807 891 816 842
655 285 15 797 784 833
655 15 725 832 868 938
349 236 883 826 780 779
907 780 764 904 781 899
186 748 300 841 877 828
275 477 978 815 788 838
275 978 743 837 839 931
743 978 131 838 795 908
836 382 943 800 813 859
459 748 186 909 836 863
956 329 807 896 831 869
346 833 165 791 975 934
839 496 566 853 829 759
341 138 810 817 786 855
194 810 590 856 785 851
893 780 54 849 904 848
822 893 54 870 847 873
780 893 41 847 850 729
893 745 41 870 820 849
205 194 590 913 846 915
397 496 932 888 887 954
683 496 839 887 844 810
774 833 601 966 758 830
407 341 810 906 845 856
194 407 810 913 855 846
362 145 527 865 823 867
76 990 499 861 825 770
836 943 742 840 862 860
127 836 742 886 859 927
145 990 76 866 858 823
742 943 275 859 815 892
836 459 186 886 841 800
470 541 79 880 890 969
362 940 145 939 866 857
145 940 990 865 884 861
362 527 121 857 881 957
15 541 725 724 880 833
807 300 956 768 877 842
893 822 745 848 875 850
745 639 188 876 902 751
783 764 94 898 827 882
762 822 54 875 848 986
923 94 427 882 819 879
822 762 745 873 876 870
762 639 745 901 871 875
956 300 748 869 836 924
158 427 755 879 895 936
158 923 427 922 874 878
470 725 541 960 868 864
121 527 174 867 822 883
923 783 94 894 872 874
121 174 719 881 926 996
940 403 990 939 956 866
368 459 127 1022 886 1046
127 459 836 885 863 860
932 496 683 852 853 917
496 397 795 852 948 829
677 683 341 916 810 905
79 541 400 864 814 891
79 400 329 890 831 896
463 742 275 985 862 931
774 3 795 830 807 918
923 651 783 922 903 882
755 427 906 878 921 949
956 79 329 1036 891 842
197 797 832 950 925 1020
91 764 783 899 872 903
91 907 764 911 835 898
430 383 639 1005 902 901
430 639 762 900 876 986
639 383 188 900 804 871
651 91 783 978 898 894
907 54 780 907 847 835
343 677 341 920 889 906
343 341 407 905 855 914
65 54 907 987 904 911
211 743 131 1017 839 910
398 748 459 924 841 959
211 131 383 908 804 1006
91 65 907 912 907 899
843 65 91 1014 911 978
205 407 194 942 856 851
593 343 407 919 906 942
992 205 590 979 851 941
517 683 677 917 889 928
517 932 683 933 887 916
665 774 795 994 893 982
593 117 343 1000 920 914
343 117 677 919 953 905
906 427 349 895 826 923
158 651 923 937 894 879
906 349 282 921 929 976
398 956 748 989 877 909
797 725 832 938 960 897
719 174 655 883 797 962
997 127 742 1046 860 985
136 517 677 1025 916 953
282 349 346 923 779 934
997 463 505 985 932 1065
743 463 275 932 892 838
463 743 505 931 1028 930
517 910 932 935 952 917
165 282 346 977 929 843
273 910 517 952 933 951
969 158 755 937 878 947
969 651 158 1013 922 936
797 655 725 962 833 925
362 403 940 955 884 865
261 21 897 943 971 811
897 992 590 971 915 812
205 593 407 958 914 913
0 21 261 1983 940 944
0 261 311 943 534 945
0 311 724 944 469 946
0 724 690 945 377 1982
522 969 755 1013 936 949
795 397 113 888 954 974
906 522 755 1015 947 895
729 797 197 961 897 1002
699 273 517 1112 935 1025
910 273 932 935 964 933
136 677 117 928 920 980
113 397 932 948 852 964
406 403 362 991 939 957
990 403 549 884 1176 825
406 362 121 955 867 970
225 593 205 1001 942 998
356 398 459 1021 909 967
725 470 832 880 968 925
729 719 797 995 962 950
797 719 655 961 926 938
608 113 678 974 1033 1031
273 113 932 973 954 952
685 534 774 1026 966 994
774 534 833 965 975 854
370 356 459 1027 959 1022
470 887 832 969 1049 960
79 887 470 983 968 864
838 406 121 992 957 972
21 992 897 1084 941 940
838 121 707 970 996 1174
308 113 273 1033 964 1012
113 608 795 963 982 948
534 165 833 981 843 966
282 654 906 977 1023 923
165 654 282 1109 976 934
843 91 651 912 903 990
992 980 205 1009 998 915
860 136 117 1011 953 1000
534 888 165 1074 1087 975
608 665 795 1030 918 974
79 315 887 1036 1089 969
471 707 719 1177 996 1037
463 997 742 930 927 892
430 762 54 901 873 987
430 54 65 986 907 988
430 65 509 987 1014 1041
738 956 398 1062 924 1040
843 651 464 978 1055 1076
406 947 403 992 1175 955
838 947 406 1038 991 970
516 685 665 1053 994 999
665 685 774 993 965 918
719 729 295 961 1002 1039
707 121 719 972 883 984
518 225 980 1085 998 1007
980 225 205 997 958 979
519 516 665 1060 993 1045
860 117 593 980 919 1001
225 860 593 1008 1000 958
295 729 197 995 950 1020
713 812 947 1202 1175 1038
509 843 666 1014 1076 1121
924 383 430 1006 900 1078
924 211 383 1115 910 1005
572 518 980 1105 997 1009
225 132 860 1057 1011 1001
572 980 992 1007 979 1056
735 132 631 1035 1057 1132
860 132 136 1008 1034 980
577 308 273 1058 973 1112
522 651 969 1055 937 947
843 509 65 1004 988 912
522 906 365 949 1023 1088
635 218 211 1079 1017 1077
211 218 743 1016 1028 908
700 370 368 1048 1022 1082
82 295 832 1063 1020 1049
832 295 197 1019 1002 897
206 398 356 1040 959 1027
370 459 368 967 885 1018
365 906 654 1015 976 1024
365 654 555 1023 1061 1150
699 517 136 951 928 1032
685 387 534 1053 1074 965
370 206 356 1029 1021 967
218 505 743 1066 932 1017
370 388 206 1048 1047 1027
30 665 608 1045 982 1031
678 30 608 1071 1030 963
6 699 136 1072 1025 1034
308 678 113 1044 963 973
6 136 132 1032 1011 1035
735 6 132 1072 1034 1010
315 79 956 983 896 1062
182 471 719 1125 984 1039
713 947 838 1003 992 1096
182 719 295 1037 995 1091
206 738 398 1047 989 1021
509 357 430 1117 1078 988
42 877 505 1164 1065 1066
924 357 415 1078 1116 1094
718 678 308 1102 1033 1070
30 519 665 1100 999 1030
368 127 997 885 927 1050
206 388 738 1029 1068 1040
700 388 370 1064 1029 1018
82 832 887 1019 968 1090
60 368 997 1165 1046 1103
952 258 388 1104 1068 1064
523 519 314 1059 1100 1151
516 387 685 1060 1026 993
706 464 522 1075 1055 1088
522 464 651 1054 990 1013
514 572 992 1141 1009 1084
631 132 225 1010 1008 1085
902 308 577 1070 1012 1144
523 387 519 1073 1060 1052
519 387 516 1059 1053 999
555 654 862 1024 1109 1153
315 956 738 1036 989 1067
82 181 295 1095 1091 1019
952 388 700 1051 1048 1069
505 877 997 1042 1103 930
42 505 218 1042 1028 1079
237 315 738 1146 1062 1083
258 738 388 1083 1047 1051
952 700 340 1064 1082 1160
902 718 308 1138 1044 1058
678 314 30 1102 1100 1031
735 699 6 1142 1032 1035
523 888 387 1148 1074 1059
387 888 534 1073 981 1026
706 666 464 1123 1076 1054
464 666 843 1075 1004 990
560 635 211 1172 1016 1136
924 430 357 1005 1041 1043
635 42 218 1114 1066 1016
501 924 993 1127 1094 1122
340 368 451 1082 1165 1197
340 700 368 1069 1018 1081
258 237 738 1092 1067 1068
21 514 992 1086 1056 971
631 225 518 1057 997 1101
446 514 21 1106 1084 1108
888 441 165 1099 1118 981
365 706 522 1093 1054 1015
339 887 315 1159 983 1097
715 82 887 1200 1049 1159
181 182 295 1095 1039 1063
461 237 258 1262 1083 1104
292 706 365 1130 1088 1194
993 924 415 1080 1043 1173
82 182 181 1124 1091 1063
713 838 418 1038 1174 1243
646 339 315 1158 1089 1146
418 389 781 1178 1201 1244
888 909 441 1139 1152 1087
314 519 30 1052 1045 1071
631 518 155 1085 1105 1143
718 314 678 1119 1071 1044
60 997 877 1050 1065 1128
952 461 258 1213 1092 1051
155 518 572 1101 1007 1107
446 486 514 1108 1263 1086
660 155 572 1156 1105 1131
21 486 446 1983 1106 1086
862 654 165 1061 977 1111
734 909 185 1120 1139 1230
480 862 165 1166 1109 1118
273 699 577 951 1137 1012
101 902 230 1138 1144 1199
635 981 42 1215 1214 1079
924 568 211 1127 1136 1006
357 950 415 1117 1187 1043
357 509 950 1041 1121 1116
480 165 441 1111 1087 1163
101 314 718 1182 1102 1138
734 408 909 1180 1152 1110
950 509 666 1117 1004 1133
993 321 501 1173 1209 1080
434 666 706 1149 1075 1130
917 182 82 1224 1095 1200
182 389 471 1201 1178 1037
391 568 539 1134 1135 1192
501 568 924 1171 1115 1080
586 60 877 1234 1103 1164
946 434 292 1149 1130 1196
292 434 706 1129 1123 1093
660 572 849 1107 1141 1188
631 925 735 1143 1241 1010
946 950 666 1191 1121 1149
391 560 568 1172 1136 1126
568 691 539 1171 1250 1126
568 560 211 1134 1077 1115
577 699 771 1112 1140 1181
902 101 718 1113 1119 1070
909 888 185 1099 1148 1110
771 699 244 1137 1142 1181
849 572 514 1131 1056 1154
244 699 735 1140 1072 1183
925 631 155 1132 1101 1155
577 230 902 1147 1113 1058
451 60 610 1165 1234 1227
646 315 237 1097 1067 1206
212 230 577 1221 1144 1219
888 523 185 1073 1203 1139
434 946 666 1129 1133 1123
944 365 555 1194 1024 1153
523 314 214 1052 1170 1203
909 408 441 1120 1157 1099
862 944 555 1186 1150 1061
249 849 514 1306 1141 1263
355 925 155 1272 1143 1156
355 155 660 1155 1107 1188
408 350 441 1169 1162 1152
646 715 339 1217 1159 1097
339 715 887 1158 1090 1089
301 952 340 1213 1069 1198
850 124 350 1167 1162 1169
350 124 441 1161 1163 1157
124 480 441 1167 1118 1162
586 877 42 1128 1042 1214
60 451 368 1145 1081 1050
480 776 862 1185 1184 1111
124 850 480 1161 1207 1163
640 443 776 1260 1184 1185
408 850 350 1180 1161 1157
214 314 740 1151 1301 1318
568 501 691 1127 1209 1135
560 391 635 1134 1192 1077
993 415 321 1094 1187 1122
838 707 418 972 1177 1096
947 812 403 1003 1271 991
403 680 549 1271 1991 956
707 471 418 984 1178 1174
418 471 389 1177 1125 1098
763 850 734 1247 1180 1246
734 850 408 1179 1169 1120
771 244 577 1140 1219 1137
784 314 101 1257 1119 1199
565 244 735 1189 1142 1218
776 443 862 1168 1186 1166
640 776 480 1168 1166 1204
443 944 862 1248 1153 1184
321 415 950 1173 1116 1195
849 355 660 1190 1156 1131
565 212 244 1280 1219 1183
432 355 849 1272 1188 1279
105 950 946 1208 1133 1196
391 539 635 1126 1215 1172
219 292 944 1261 1194 1205
944 292 365 1193 1093 1150
81 321 950 1228 1187 1210
292 105 946 1229 1191 1129
304 340 451 1198 1081 1227
304 301 340 1235 1160 1197
784 101 230 1182 1113 1221
917 82 715 1124 1090 1217
781 389 182 1098 1125 1224
713 569 812 1225 1270 1003
214 185 523 1231 1148 1151
752 640 480 1266 1185 1207
411 219 944 1348 1193 1248
869 646 237 1312 1146 1262
752 480 850 1204 1167 1247
252 950 105 1210 1191 1211
321 691 501 1233 1171 1122
252 81 950 1283 1195 1208
252 105 147 1208 1322 1372
169 461 301 1278 1213 1235
301 461 952 1212 1104 1160
981 586 42 1293 1164 1114
981 635 539 1114 1192 1222
957 917 646 1289 1217 1236
646 917 715 1216 1200 1158
565 735 235 1183 1241 1299
244 212 577 1189 1147 1181
53 484 185 1274 1230 1256
212 784 230 1239 1199 1147
242 981 539 1303 1215 1250
135 304 610 1254 1227 1259
917 781 182 1255 1201 1124
202 569 713 1269 1202 1226
202 713 986 1225 1243 1296
304 451 610 1197 1145 1223
81 392 321 1232 1233 1195
291 105 292 1322 1196 1261
185 484 734 1220 1246 1110
73 185 214 1256 1203 1240
353 392 81 1249 1228 1252
392 691 321 1249 1209 1228
610 60 586 1145 1128 1258
304 169 301 1254 1212 1198
648 957 646 1333 1216 1312
610 794 720 1258 1383 1238
786 610 720 1259 1237 1357
212 17 784 1273 1257 1221
731 73 214 1308 1231 1318
235 735 925 1218 1132 1264
53 73 272 1256 1308 1274
986 713 418 1226 1096 1245
481 418 781 1245 1098 1298
481 986 418 1335 1243 1244
763 734 484 1179 1230 1265
763 752 850 1275 1207 1179
411 944 443 1205 1186 1309
392 353 691 1232 1284 1233
691 242 539 1286 1222 1135
401 353 92 1288 1252 1287
353 81 92 1232 1283 1251
328 169 135 1278 1254 1277
135 169 304 1253 1235 1223
917 29 781 1290 1298 1224
73 53 185 1242 1220 1231
17 314 784 1301 1182 1239
610 586 794 1234 1293 1237
610 786 135 1238 1277 1223
580 443 640 1319 1168 1266
219 291 292 1276 1229 1193
869 237 461 1206 1092 1292
486 249 514 1984 1154 1106
432 235 925 1307 1241 1272
272 763 484 1340 1246 1274
752 580 640 1275 1260 1204
313 11 680 1367 1990 1268
919 313 680 1282 1267 1297
202 313 569 1281 1270 1225
569 313 812 1269 1282 1202
812 680 403 1297 1176 1175
432 925 355 1264 1155 1190
354 17 212 1341 1239 1316
53 272 484 1242 1265 1220
763 580 752 1398 1266 1247
219 207 291 1348 1387 1261
786 328 135 1285 1253 1259
169 328 461 1253 1314 1212
223 432 849 1429 1190 1306
209 212 565 1316 1189 1299
313 202 612 1269 1296 1367
313 919 812 1268 1297 1270
92 81 252 1252 1210 1372
353 778 691 1288 1310 1249
786 826 328 1326 1323 1277
335 242 691 1337 1250 1310
92 778 401 1321 1288 1251
401 778 353 1287 1284 1251
597 917 957 1290 1216 1350
597 29 917 1375 1255 1289
648 869 150 1312 1311 1332
352 869 461 1311 1262 1314
794 586 981 1258 1214 1303
708 240 242 1346 1327 1337
900 92 147 1321 1372 1430
612 202 986 1281 1226 1335
919 680 812 1268 1271 1282
29 481 781 1334 1244 1255
209 565 235 1280 1218 1305
581 740 17 1366 1301 1342
17 740 314 1300 1170 1257
106 508 580 1411 1319 1347
242 794 981 1304 1293 1222
630 794 242 1385 1303 1327
632 209 235 1317 1299 1329
249 223 849 1444 1279 1154
432 937 235 1315 1329 1264
731 272 73 1343 1242 1240
508 411 443 1362 1248 1319
335 691 778 1286 1284 1324
150 869 352 1291 1292 1358
869 648 646 1291 1236 1206
802 612 481 1390 1335 1391
461 328 352 1278 1330 1292
567 937 432 1365 1307 1328
209 354 212 1317 1273 1280
632 354 209 1381 1316 1305
740 731 214 1339 1240 1170
508 443 580 1309 1260 1302
59 900 704 1374 1430 1469
92 900 778 1295 1360 1287
147 105 291 1211 1229 1387
215 328 826 1330 1285 1392
775 335 778 1425 1310 1360
905 720 179 1408 1383 1460
826 786 667 1285 1357 1465
630 242 240 1304 1294 1355
926 567 432 1393 1315 1363
937 632 235 1365 1305 1307
215 352 328 1384 1314 1323
898 419 617 1349 1351 1403
150 419 648 1399 1349 1291
648 898 957 1349 1350 1236
317 481 29 1369 1298 1338
481 612 986 1313 1296 1245
672 954 189 1386 1388 1345
335 708 242 1423 1294 1286
344 317 29 1376 1334 1400
462 731 740 1396 1318 1371
272 507 763 1361 1413 1265
911 17 354 1342 1273 1364
911 581 17 1405 1300 1341
425 272 731 1344 1308 1352
425 112 272 1379 1380 1343
630 672 189 1355 1336 1389
708 672 240 1386 1355 1294
106 580 760 1302 1353 1417
411 207 219 1359 1276 1205
898 648 419 1333 1332 1331
898 597 957 1378 1289 1333
617 419 876 1331 1399 1466
222 425 731 1454 1343 1396
760 580 533 1347 1398 1541
954 708 491 1386 1423 1470
672 630 240 1345 1327 1346
553 452 352 1462 1358 1384
667 786 720 1326 1238 1408
352 452 150 1356 1407 1311
857 207 411 1477 1348 1362
900 775 778 1374 1324 1321
507 272 337 1340 1380 1410
508 857 411 1427 1359 1309
287 926 432 1422 1328 1429
133 911 354 1394 1341 1381
632 937 567 1329 1315 1373
581 140 740 1370 1371 1300
612 11 313 1368 1267 1281
642 11 612 1484 1367 1390
276 481 317 1391 1334 1376
348 140 581 1475 1366 1405
140 462 740 1382 1339 1366
147 92 252 1295 1283 1211
698 632 567 1440 1365 1393
59 775 900 1428 1360 1320
611 29 597 1402 1290 1378
344 276 317 1455 1369 1338
754 611 898 1451 1378 1403
898 611 597 1377 1375 1350
337 112 425 1380 1344 1397
337 272 112 1361 1344 1379
632 133 354 1441 1364 1317
603 462 140 1404 1371 1395
179 720 794 1325 1237 1385
553 352 215 1356 1330 1392
179 794 630 1383 1304 1438
954 672 708 1336 1346 1354
207 147 291 1464 1322 1276
954 435 189 1459 1389 1336
189 435 630 1388 1424 1345
802 642 612 1453 1368 1313
276 802 481 1401 1313 1369
553 215 826 1384 1323 1406
926 698 567 1420 1373 1328
772 911 133 1433 1364 1492
603 140 384 1382 1457 1491
222 731 462 1352 1339 1404
999 337 425 1489 1379 1454
533 580 763 1353 1275 1413
876 419 150 1351 1332 1407
530 344 29 1534 1338 1402
276 192 802 1452 1482 1391
530 29 611 1400 1375 1451
617 754 898 1450 1377 1331
603 222 462 1490 1396 1382
581 911 348 1342 1421 1370
374 553 826 1497 1392 1465
452 876 150 1468 1399 1358
667 720 905 1357 1325 1412
587 825 180 1432 1448 1488
337 825 507 1448 1432 1361
106 12 508 1417 1427 1302
913 667 905 1549 1408 1460
533 763 507 1398 1340 1418
45 379 257 1516 1519 1608
761 876 281 1494 1468 1502
160 530 754 1535 1451 1450
760 12 106 1435 1411 1347
588 533 507 1501 1413 1449
520 857 12 1476 1427 1515
926 175 698 1422 1447 1393
348 911 123 1405 1433 1474
287 175 926 1471 1420 1363
491 708 335 1354 1337 1439
435 468 630 1459 1437 1389
170 335 775 1439 1324 1485
170 891 201 1485 1565 1463
12 857 508 1419 1362 1411
813 775 59 1517 1374 1469
223 287 432 1445 1363 1279
704 900 147 1320 1295 1442
500 180 889 1525 1570 1649
825 587 507 1409 1449 1410
911 772 123 1394 1487 1421
588 587 256 1449 1488 1526
753 12 760 1515 1417 1522
483 476 857 1555 1477 1537
359 630 468 1438 1424 1546
359 179 630 1558 1385 1437
170 491 335 1443 1423 1425
632 698 266 1373 1456 1441
133 632 266 1381 1440 1509
379 704 147 1516 1430 1519
170 798 491 1463 1552 1439
249 433 223 1527 1446 1306
223 164 287 1446 1508 1429
433 164 223 1528 1445 1444
929 698 175 1456 1420 1520
180 825 337 1409 1410 1570
587 588 507 1434 1418 1432
160 754 617 1416 1403 1480
754 530 611 1416 1402 1377
47 192 276 1496 1401 1455
802 290 642 1483 1484 1390
999 425 222 1397 1352 1458
47 276 344 1452 1376 1495
266 698 929 1440 1447 1531
882 384 140 1554 1395 1514
220 999 222 1473 1454 1490
468 435 954 1424 1388 1518
179 913 905 1512 1412 1325
821 816 553 1498 1462 1497
553 816 452 1461 1481 1356
201 798 170 1557 1443 1426
476 147 207 1548 1387 1477
374 826 667 1406 1326 1467
876 280 617 1494 1480 1351
342 374 667 1561 1465 1549
281 876 452 1415 1407 1479
813 59 704 1428 1320 1472
491 712 954 1552 1571 1354
299 175 287 1520 1422 1530
45 813 704 1587 1469 1516
253 999 220 1506 1458 1523
872 348 123 1505 1421 1487
787 140 348 1514 1370 1505
705 857 520 1537 1419 1542
857 476 207 1436 1464 1359
43 891 482 1565 1663 1668
267 281 452 1538 1468 1481
280 160 617 1573 1450 1466
267 452 816 1479 1462 1498
109 802 192 1483 1401 1496
109 290 802 1988 1453 1482
642 290 11 1453 1989 1368
891 170 775 1426 1425 1517
204 468 478 1511 1605 1618
772 872 123 1521 1474 1433
180 256 587 1500 1434 1409
999 702 337 1506 1576 1397
220 222 603 1458 1404 1491
220 603 384 1490 1395 1493
828 772 133 1582 1394 1509
618 220 384 1625 1491 1653
280 876 761 1466 1415 1499
806 47 344 1575 1455 1534
47 109 192 1575 1482 1452
821 553 374 1461 1406 1503
821 267 816 1563 1481 1461
318 280 761 1572 1494 1545
245 256 180 1533 1488 1525
588 495 533 1566 1541 1418
268 761 281 1545 1415 1504
34 821 374 1611 1497 1561
61 268 281 1606 1502 1538
787 348 872 1475 1474 1507
253 702 999 1523 1489 1473
960 787 872 1513 1505 1521
164 351 287 1510 1530 1445
266 828 133 1544 1492 1441
747 351 164 1543 1508 1528
758 468 204 1546 1486 1586
645 913 179 1547 1460 1646
960 882 787 1554 1514 1507
787 882 140 1513 1457 1475
520 12 753 1419 1435 1550
45 704 379 1472 1442 1414
813 891 775 1581 1485 1428
468 954 492 1459 1571 1585
379 147 257 1442 1580 1414
299 929 175 1529 1447 1471
772 960 872 1582 1507 1487
753 760 495 1435 1541 1589
220 702 253 1625 1506 1473
853 702 618 1600 1625 1665
500 245 180 1532 1500 1431
256 157 588 1533 1566 1434
249 747 433 1985 1528 1444
433 747 164 1527 1510 1446
299 373 929 1553 1531 1520
299 287 351 1471 1508 1543
929 373 266 1529 1544 1456
500 157 245 1637 1533 1525
245 157 256 1532 1526 1500
806 344 530 1495 1400 1574
703 530 160 1574 1416 1578
607 483 705 1609 1537 1564
705 483 857 1536 1436 1476
61 281 267 1504 1479 1540
856 143 160 1615 1578 1573
61 267 44 1538 1563 1619
495 760 533 1522 1353 1501
520 805 705 1550 1568 1476
747 299 351 1979 1530 1510
373 828 266 1553 1509 1531
268 318 761 1591 1499 1502
758 359 468 1642 1437 1511
247 913 645 1660 1512 1661
173 147 476 1580 1464 1556
913 342 667 1613 1467 1412
753 805 520 1567 1542 1515
798 43 712 1557 1617 1552
491 798 712 1443 1551 1470
299 828 373 1650 1544 1529
882 960 384 1513 1648 1457
103 476 483 1556 1436 1579
103 173 476 1590 1548 1555
798 201 43 1463 1565 1551
868 179 359 1646 1438 1642
34 342 347 1561 1613 1560
995 34 347 1611 1559 1698
342 34 374 1559 1503 1467
163 777 318 1623 1596 1591
44 267 821 1540 1498 1616
9 607 705 1684 1536 1568
43 201 891 1557 1426 1478
157 495 588 1601 1501 1526
753 297 805 1593 1610 1550
805 9 705 1610 1564 1542
574 495 293 1598 1601 1677
180 337 889 1448 1576 1431
712 492 954 1584 1518 1470
856 280 318 1573 1499 1596
856 160 280 1539 1480 1572
703 806 530 1597 1534 1535
47 806 109 1495 1973 1496
889 337 702 1570 1489 1600
934 703 143 1597 1578 1615
143 703 160 1577 1535 1539
162 103 483 1655 1555 1609
173 257 147 1595 1519 1548
556 891 813 1663 1517 1634
828 960 772 1647 1521 1492
936 436 712 1680 1584 1692
712 436 492 1583 1585 1571
492 436 468 1584 1605 1518
204 431 758 1618 1643 1511
886 813 45 1639 1472 1608
948 330 495 1629 1589 1598
495 330 753 1588 1599 1522
83 173 103 1594 1556 1607
163 318 268 1562 1545 1592
163 268 309 1591 1606 1635
884 297 753 1632 1567 1599
119 173 83 1595 1590 1633
119 257 173 1622 1580 1594
777 856 318 1612 1572 1562
703 934 806 1577 1972 1574
574 948 495 1631 1588 1569
330 884 753 1629 1593 1589
853 889 702 1651 1576 1524
293 495 157 1569 1566 1602
293 157 756 1601 1637 1682
431 540 93 1693 1716 1644
191 478 936 1671 1680 1733
436 478 468 1680 1486 1585
309 268 61 1592 1504 1619
83 103 110 1590 1655 1633
257 886 45 1621 1587 1414
483 607 162 1536 1657 1579
9 805 297 1568 1567 1627
995 821 34 1616 1503 1560
777 994 856 1620 1614 1596
347 342 913 1559 1549 1660
994 934 856 1636 1615 1612
856 934 143 1614 1577 1539
995 44 821 1640 1563 1611
139 712 43 1692 1551 1669
478 431 204 1671 1586 1486
44 309 61 1658 1606 1540
128 994 777 1659 1612 1624
931 886 257 1676 1608 1622
931 257 119 1621 1595 1628
777 163 515 1562 1635 1624
128 777 515 1620 1623 1659
618 702 220 1524 1523 1493
67 756 500 1681 1637 1649
386 9 297 1675 1610 1632
110 931 119 1691 1622 1633
884 330 948 1599 1588 1630
884 948 767 1629 1631 1685
767 948 574 1630 1598 1677
884 386 297 1652 1627 1593
110 119 83 1628 1594 1607
563 556 813 1694 1581 1639
515 163 309 1623 1592 1641
994 515 934 1659 1971 1614
756 157 500 1602 1532 1626
413 442 386 1702 1675 1652
563 813 886 1634 1587 1662
995 688 44 1705 1658 1616
688 515 309 1970 1635 1658
868 359 758 1558 1546 1643
868 758 431 1642 1586 1644
93 868 431 1645 1643 1603
93 645 868 1697 1646 1644
868 645 179 1645 1512 1558
828 312 960 1650 1648 1582
960 312 384 1647 1653 1554
67 500 889 1626 1431 1651
299 312 828 1741 1647 1553
67 889 853 1649 1600 1654
413 386 884 1638 1632 1685
312 618 384 1664 1493 1648
271 67 853 1719 1651 1665
162 110 103 1728 1607 1579
439 482 556 1712 1663 1707
162 607 576 1609 1684 1708
688 309 44 1641 1619 1640
128 515 994 1624 1636 1620
347 913 247 1613 1547 1672
645 751 247 1673 1672 1547
563 886 721 1639 1676 1674
556 482 891 1656 1478 1581
312 369 618 1666 1667 1653
618 271 853 1699 1654 1524
312 789 369 1739 1667 1664
369 789 618 1666 1699 1664
529 43 482 1669 1478 1704
529 139 43 1695 1617 1668
159 347 751 1698 1672 1673
191 431 478 1693 1618 1604
751 347 247 1670 1660 1661
159 751 645 1670 1661 1689
210 563 721 1694 1662 1727
386 442 9 1638 1690 1627
721 886 931 1662 1621 1710
767 574 293 1631 1569 1678
767 293 624 1677 1738 1715
324 529 10 1695 1704 1725
936 478 436 1604 1605 1583
562 756 67 1682 1626 1683
562 293 756 1738 1602 1681
450 562 67 1744 1681 1719
576 607 9 1657 1564 1686
767 413 884 1732 1652 1630
284 576 9 1722 1684 1721
90 413 558 1702 1700 1703
540 264 97 1713 1729 1716
154 159 645 1734 1673 1697
90 9 442 1714 1675 1702
16 931 110 1710 1628 1696
936 712 139 1583 1617 1718
191 540 431 1713 1603 1671
563 210 556 1674 1707 1634
529 324 139 1679 1718 1669
16 110 626 1691 1728 1709
154 645 93 1689 1645 1730
347 159 995 1670 1705 1560
789 271 618 1701 1665 1667
558 413 33 1687 1732 1757
395 271 789 1737 1699 1739
413 90 442 1687 1690 1638
749 90 558 1714 1687 1754
10 529 482 1679 1668 1712
159 688 995 1717 1640 1698
10 439 52 1712 1711 1760
210 439 556 1711 1656 1694
626 162 576 1728 1657 1736
583 16 626 1723 1696 1761
16 721 931 1723 1676 1691
52 439 210 1706 1707 1750
439 10 482 1706 1704 1656
264 540 191 1688 1693 1756
90 749 9 1703 1721 1690
33 767 624 1732 1678 1799
540 97 93 1688 1730 1603
159 808 688 1734 1768 1705
936 139 324 1692 1695 1720
271 450 67 1737 1683 1654
732 936 324 1803 1718 1725
284 9 749 1686 1714 1762
284 710 576 1752 1742 1686
16 583 721 1709 1753 1710
239 732 10 1822 1725 1760
10 732 324 1724 1720 1679
448 154 97 1748 1730 1729
224 210 721 1750 1674 1731
626 110 162 1696 1655 1708
448 97 264 1726 1688 1755
97 154 93 1726 1697 1716
89 224 721 1772 1727 1770
33 413 767 1700 1685 1715
973 191 936 1756 1604 1746
154 808 159 1749 1717 1689
513 284 286 1745 1762 1790
454 626 576 1787 1708 1742
271 395 450 1701 1773 1719
624 293 562 1678 1682 1744
312 395 789 1740 1701 1666
1 395 312 1978 1739 1741
1 312 299 1740 1650 1979
454 576 710 1736 1722 1763
278 52 224 1766 1750 1751
624 562 450 1738 1683 1773
513 75 284 1775 1752 1735
973 936 912 1733 1803 1747
233 973 912 1795 1746 1809
24 154 448 1749 1726 1767
24 808 154 1781 1734 1748
224 52 210 1743 1711 1727
278 224 623 1743 1772 1765
284 75 710 1745 1763 1722
238 721 583 1770 1723 1759
319 749 558 1774 1703 1777
448 264 550 1729 1780 1769
973 264 191 1795 1713 1733
33 941 558 1789 1777 1700
319 941 338 1777 1786 1806
238 583 739 1753 1788 1814
52 239 10 1782 1724 1706
279 583 626 1788 1709 1778
286 284 749 1735 1721 1774
75 454 710 1764 1742 1752
983 454 75 1793 1763 1775
623 991 278 1783 1766 1751
278 991 52 1765 1784 1743
809 24 448 1796 1748 1769
808 114 688 1781 1933 1717
809 448 550 1767 1755 1820
238 89 721 1849 1731 1753
955 89 537 1804 1849 1874
89 623 224 1804 1751 1731
395 624 450 1798 1744 1737
319 286 749 1800 1762 1754
513 983 75 1785 1764 1745
870 279 895 1794 1778 1801
319 558 941 1754 1757 1758
279 626 895 1761 1787 1776
955 18 623 1872 1783 1804
550 264 453 1755 1821 1843
24 114 808 1796 1768 1749
239 52 229 1760 1817 1823
18 991 623 1784 1765 1779
18 52 991 1817 1766 1783
859 983 513 1805 1775 1790
338 941 841 1758 1811 1808
895 626 454 1778 1736 1793
279 739 583 1794 1759 1761
58 941 33 1811 1757 1807
859 513 286 1785 1735 1791
859 286 333 1790 1797 1818
19 895 983 1816 1793 1805
983 895 454 1792 1787 1764
870 739 279 1802 1788 1776
233 264 973 1821 1756 1747
809 114 24 1820 1781 1767
333 286 39 1791 1800 1830
395 306 624 1978 1799 1773
624 306 33 1798 1807 1715
39 286 319 1797 1774 1812
970 870 895 1802 1776 1816
970 739 870 1825 1794 1801
912 936 732 1746 1720 1822
955 623 89 1779 1772 1771
859 19 983 1818 1792 1785
116 319 338 1812 1758 1808
306 58 33 1839 1789 1799
841 116 338 1832 1806 1786
616 233 912 1826 1747 1851
199 841 504 1832 1833 1875
58 841 941 1833 1786 1789
116 39 319 1813 1800 1806
199 39 116 1873 1812 1832
487 238 739 1855 1759 1825
846 229 18 1852 1817 1847
970 895 19 1801 1792 1854
18 229 52 1815 1782 1784
19 859 333 1805 1791 1831
14 114 550 1887 1820 1843
550 114 809 1819 1796 1769
453 264 233 1780 1795 1827
912 732 239 1803 1724 1824
543 239 229 1824 1782 1852
543 912 239 1853 1822 1823
970 487 739 1829 1814 1802
130 233 616 1827 1809 1838
130 453 233 1848 1821 1826
227 288 333 1845 1835 1830
970 96 487 1836 1861 1825
227 333 39 1828 1797 1840
376 19 333 1846 1818 1835
841 199 116 1810 1813 1808
504 841 58 1810 1811 1839
326 376 288 1857 1835 1845
288 376 333 1834 1831 1828
146 96 970 1863 1829 1850
949 130 217 1848 1869 1886
74 130 616 1869 1826 1851
306 504 58 1876 1833 1807
790 227 39 1891 1830 1873
692 456 687 1900 1888 1881
949 14 453 1870 1843 1848
453 14 550 1842 1819 1780
326 40 692 1889 1894 1881
227 326 288 1889 1834 1828
376 658 19 1857 1854 1831
423 846 18 1879 1815 1872
130 949 453 1837 1842 1827
89 238 537 1770 1855 1771
146 970 633 1836 1867 1871
74 616 912 1838 1809 1853
846 543 229 1865 1823 1815
543 74 912 1858 1851 1824
658 970 19 1867 1816 1846
537 238 487 1849 1814 1860
633 658 687 1867 1866 1880
326 658 376 1866 1846 1834
858 74 543 1859 1853 1865
858 217 74 1884 1869 1858
537 487 881 1855 1861 1878
487 96 881 1829 1862 1860
881 96 686 1861 1863 1896
686 96 146 1862 1836 1871
730 423 955 1883 1872 1874
858 543 846 1858 1852 1868
687 658 326 1856 1857 1881
658 633 970 1856 1850 1854
858 846 449 1865 1879 1897
74 217 130 1859 1837 1838
949 737 14 1886 1906 1842
633 686 146 1880 1863 1850
423 18 955 1847 1779 1864
790 39 199 1840 1813 1875
955 537 730 1771 1877 1864
504 790 199 1876 1873 1810
306 790 504 1977 1875 1839
730 537 609 1874 1878 1899
609 537 881 1877 1860 1901
423 449 846 1883 1868 1847
686 633 687 1871 1856 1888
692 687 326 1841 1866 1844
208 449 730 1904 1883 1899
730 449 423 1882 1879 1864
858 737 217 1885 1886 1859
674 737 858 1932 1884 1905
217 737 949 1884 1870 1837
14 1 114 1906 1933 1819
456 686 687 1895 1880 1841
40 326 227 1844 1845 1891
792 269 686 1911 1896 1892
790 40 227 1893 1889 1840
792 686 951 1890 1895 1915
790 323 40 1976 1894 1891
40 323 692 1893 1926 1844
686 456 951 1888 1900 1892
686 269 881 1890 1902 1862
449 765 858 1898 1905 1868
26 765 449 1920 1897 1904
609 208 730 1910 1882 1877
951 456 692 1895 1841 1907
532 609 881 1912 1878 1902
532 881 269 1901 1896 1908
72 674 765 1932 1905 1920
26 449 208 1898 1882 1913
765 674 858 1903 1885 1897
737 1 14 1969 1887 1870
367 951 692 1922 1900 1926
896 532 269 1938 1902 1911
506 604 609 1919 1910 1912
609 604 208 1909 1913 1899
896 269 792 1908 1890 1915
532 506 609 1916 1909 1901
604 26 208 1914 1904 1910
510 26 604 1930 1913 1917
951 896 792 1918 1911 1892
532 396 506 1927 1925 1912
149 510 604 1946 1914 1934
933 896 951 1935 1915 1922
426 604 506 1934 1909 1925
26 72 765 1931 1903 1898
834 396 479 1924 1927 1945
367 933 951 1937 1918 1907
380 479 532 1950 1927 1938
834 426 396 1939 1925 1921
396 426 506 1924 1919 1916
323 367 692 1936 1907 1894
479 396 532 1921 1916 1923
552 367 538 1937 1936 1947
987 510 848 1930 1946 1949
987 26 510 1931 1914 1929
987 72 26 1941 1920 1930
674 72 737 1903 1969 1885
114 1 688 1887 1970 1768
149 604 426 1917 1919 1939
380 896 933 1938 1918 1942
538 367 323 1928 1926 1944
367 552 933 1928 1942 1922
380 532 896 1923 1908 1935
834 149 426 1940 1934 1924
848 149 834 1946 1939 1948
987 899 72 1949 1955 1931
552 380 933 1947 1935 1937
899 848 757 1949 1948 1955
1 538 323 1960 1936 1976
405 834 479 1954 1921 1950
149 848 510 1940 1929 1917
538 380 552 1951 1942 1928
757 848 834 1943 1940 1953
848 899 987 1943 1941 1929
380 405 479 1952 1945 1923
538 23 380 1958 1952 1947
380 23 405 1951 1957 1950
851 757 834 1967 1948 1954
851 834 405 1953 1945 1964
899 757 72 1943 1968 1941
840 467 23 1962 1957 1958
23 467 405 1956 1959 1952
538 840 23 1961 1956 1951
467 259 405 1962 1963 1957
1 259 538 1975 1961 1944
538 259 840 1960 1962 1958
840 259 467 1961 1959 1956
259 111 405 1975 1965 1959
770 851 405 1966 1954 1965
111 770 405 1974 1964 1963
770 1 851 1974 1967 1964
851 1 757 1966 1968 1953
757 1 72 1967 1969 1955
72 1 737 1968 1906 1932
688 1 515 1933 1971 1641
515 1 934 1970 1972 1636
934 1 806 1971 1973 1597
806 1 109 1972 1987 1575
111 1 770 1975 1966 1965
259 1 111 1960 1974 1963
790 1 323 1977 1944 1893
306 1 790 1978 1976 1876
395 1 306 1740 1977 1798
747 1 299 1986 1741 1543
490 0 55 1994 1981 2
55 0 429 1980 1982 95
429 0 690 1981 946 113
21 0 486 943 1984 1108
486 0 249 1983 1985 1263
249 0 747 1984 1986 1527
747 0 1 1985 1995 1979
1 2 109 1995 1988 1973
109 2 290 1987 1989 1483
290 2 11 1988 1990 1484
11 2 680 1989 1991 1267
680 2 549 1990 1992 1176
549 2 582 1991 756 736
502 2 779 584 225 224
490 2 0 195 1995 1980
1 0 2 1986 1994 1987
