20
16 17 7 1 11 28
16 8 17 5 2 0
8 18 17 4 10 1
6 12 8 6 4 8
8 12 18 3 7 2
16 15 8 31 8 1
6 11 12 15 7 3
12 11 18 6 12 4
15 6 8 13 3 5
19 14 18 17 10 16
18 14 17 9 18 2
17 9 7 18 27 0
10 18 11 16 7 15
15 4 6 32 14 8
4 10 6 23 15 13
6 10 11 14 12 6
10 19 18 19 9 12
19 9 14 20 18 9
14 9 17 17 11 10
10 3 19 22 20 16
19 3 9 19 25 17
13 5 10 26 22 23
10 5 3 21 24 19
4 13 10 33 21 14
5 1 3 26 25 22
3 1 9 24 29 20
13 1 5 34 24 21
9 2 7 29 28 11
7 2 16 27 30 0
1 2 9 35 27 25
2 0 16 35 31 28
16 0 15 30 32 5
15 0 4 31 33 13
4 0 13 32 34 23
13 0 1 33 35 26
2 1 0 29 34 30
